1768272386563 0.5402536392211914 0
1768272386565 0.44952869415283203 1
1768272386567 0.42062318325042725 2
1768272386569 0.4067596197128296 3
1768272386571 0.3961080312728882 4
1768272386573 0.3864215016365051 5
1768272386575 0.3729154169559479 6
1768272386576 0.37458333373069763 7
1768272386578 0.3724459707736969 8
1768272386579 0.35862892866134644 9
1768272386581 0.35695338249206543 10
1768272386583 0.34833571314811707 11
1768272386586 0.3442665934562683 12
1768272386588 0.3471837639808655 13
1768272386589 0.34720444679260254 14
1768272386591 0.3451210558414459 15
1768272386592 0.3393979072570801 16
1768272386594 0.34760409593582153 17
1768272386596 0.3321431875228882 18
1768272386597 0.33253976702690125 19
1768272386563 0.5402536392211914 0
