1768272386561 0.7339649200439453 0
1768272386563 0.7979772090911865 1
1768272386566 0.8061707615852356 2
1768272386568 0.8123159408569336 3
1768272386570 0.8161566853523254 4
1768272386572 0.8212776780128479 5
1768272386574 0.8313916325569153 6
1768272386576 0.8293432593345642 7
1768272386577 0.8292152285575867 8
1768272386579 0.8353604078292847 9
1768272386580 0.8280630111694336 10
1768272386582 0.840865433216095 11
1768272386585 0.8457303643226624 12
1768272386587 0.8371527194976807 13
1768272386588 0.834976315498352 14
1768272386590 0.8450902700424194 15
1768272386592 0.842017650604248 16
1768272386593 0.8366406559944153 17
1768272386595 0.845218300819397 18
1768272386596 0.8467545509338379 19
1768272386561 0.7339649200439453 0
